[gd_scene load_steps=3 format=2]

[ext_resource path="res://scenes/Personagem/Armas/Círculo_001.mesh" type="ArrayMesh" id=1]
[ext_resource path="res://scenes/Personagem/Armas/atira.anim" type="Animation" id=2]

[node name="Spatial" type="Spatial"]

[node name="Armação" type="Spatial" parent="."]
transform = Transform( 0.587127, 0, 0, 0, 0.587127, 0, 0, 0, 0.587127, -0.0285764, -0.716846, 0.0260027 )

[node name="Skeleton" type="Skeleton" parent="Armação"]
bones/0/name = "Bone"
bones/0/parent = -1
bones/0/rest = Transform( 1, 0, 0, 0, 0, -1, 0, 1, 0, 3.72529e-09, 0, 0 )
bones/0/enabled = true
bones/0/bound_children = [  ]
bones/1/name = "Bone.001"
bones/1/parent = 0
bones/1/rest = Transform( 0.988737, 0.149603, 0.00422292, -0.149662, 0.988343, 0.0278985, 2.2473e-09, -0.0282163, 0.999602, -1.11759e-08, 3.72529e-09, -1 )
bones/1/enabled = true
bones/1/bound_children = [  ]
bones/2/name = "Bone.002"
bones/2/parent = 1
bones/2/rest = Transform( 0.149662, -0.26039, 0.953834, -0.988344, -0.0121784, 0.151753, -0.0278986, -0.965427, -0.259177, 3.26759e-09, -1.86265e-09, -1.00207 )
bones/2/enabled = true
bones/2/bound_children = [  ]
bones/3/name = "Bone.003"
bones/3/parent = 2
bones/3/rest = Transform( 1, 3.41409e-08, -9.32022e-09, -3.53903e-08, 0.964699, -0.263356, 0, 0.263356, 0.964699, 0, 1.19209e-07, -1.12517 )
bones/3/enabled = true
bones/3/bound_children = [  ]
bones/4/name = "Bone.004"
bones/4/parent = 3
bones/4/rest = Transform( 1, -7.10543e-15, 8.88178e-16, 7.54952e-15, 1, 2.98023e-08, -2.84217e-14, -2.98023e-08, 1, 0, -1.19209e-07, -0.948294 )
bones/4/enabled = true
bones/4/bound_children = [  ]
bones/5/name = "Bone.005"
bones/5/parent = 4
bones/5/rest = Transform( 1, 1.69407e-21, 2.52435e-29, 4.44089e-16, 1, 1.56542e-37, -2.84217e-14, 7.10543e-15, 1, 0, 0, -0.974629 )
bones/5/enabled = true
bones/5/bound_children = [  ]
bones/6/name = "Bone.006"
bones/6/parent = 5
bones/6/rest = Transform( 1, -4.03897e-28, 0, 4.44089e-16, 1, 1.26117e-44, -2.84217e-14, 7.10543e-15, 1, 0, 0, -1.0399 )
bones/6/enabled = true
bones/6/bound_children = [  ]
bones/7/name = "Bone.007"
bones/7/parent = 6
bones/7/rest = Transform( 0.00122104, -0.999926, 0.0121052, -0.199705, -0.0121051, -0.979781, 0.979855, -0.0012211, -0.199705, 0, -2.38419e-07, -1.01803 )
bones/7/enabled = true
bones/7/bound_children = [  ]
bones/8/name = "Bone.008"
bones/8/parent = 7
bones/8/rest = Transform( 0.296371, -0.833352, -0.466572, 0.953845, 0.233506, 0.188823, -0.0484085, -0.500999, 0.864093, 0, -4.09782e-08, -1.37305 )
bones/8/enabled = true
bones/8/bound_children = [  ]
bones/9/name = "Bone.009"
bones/9/parent = 8
bones/9/rest = Transform( 0.993053, 0.101254, -0.0599391, -0.10612, 0.990757, -0.0844915, 0.0508299, 0.0902656, 0.99462, -1.19209e-07, 9.53674e-07, -0.900567 )
bones/9/enabled = true
bones/9/bound_children = [  ]
bones/10/name = "Bone.010"
bones/10/parent = 9
bones/10/rest = Transform( 0.997897, 0.0291629, 0.0578838, -0.0266007, 0.998653, -0.0445512, -0.0591051, 0.0429177, 0.997329, 2.38419e-07, -9.53674e-07, -0.976293 )
bones/10/enabled = true
bones/10/bound_children = [  ]

[node name="PISTOLA DO BAHIA" type="MeshInstance" parent="Armação/Skeleton"]
mesh = ExtResource( 1 )
material/0 = null
material/1 = null
material/2 = null

[node name="AnimationPlayer" type="AnimationPlayer" parent="."]
root_node = NodePath("../..")
playback_speed = 3.0
anims/atira = ExtResource( 2 )
